001001001
011011011
110110110
100100100
000000000
001001001
011011011
110110110
100100100

011000110
111101111
101101101
001101100
000101000
000111000
000111000
000010000
000010000

100011000
110111100
111101100
011001100
010001110
010001111
010011101
000111111
000110010

100000001
111111111
011111110
001000100
001000100
001000100
011111110
111111111
100000001

100000001
110000011
011000110
001101100
011111110
001101100
011000110
110000011
100000001

000111000
001101100
011000110
010000010
011000110
111101111
000000000
000000000
111111111

110000011
010000010
011000110
011101110
000111000
001101100
001101100
001101100
000111000

000011111
000000111
010001111
011001101
001111001
001110001
011110000
111011000
100001000

100101000
011110100
010100100
010100100
010100100
010100100
010100101
000000011
000000001

001110000
010000100
010000100
001000100
011000100
100101001
100101001
011001110

001111100
010000010
100000111
000001001
111000111
100100000
111000001
010000010
001111100

100101000
011110100
010100101
010100111
010100101
010100101
010100111
000000010
000000110


