001001001
001001011
110110110
100100100
000000000
001001001
011011011
100010110
100100000

011000110
111101011
101001101
001001100
000001000
000111000
000011000
000010000
000010000

100011000
110111100
111101100
011001100
010001110
010000011
010111101
010111111
010100010

100000001
111100011
011111010
001000000
001000100
001000100
011111110
111100011
100000001

100000001
110000011
011000110
001101100
010011110
001101100
011000110
110000011
100000001

000111000
001101100
011000110
010000010
000000110
111101111
000000000
000000000
111001111

110000011
010100010
010000110
011101110
111111000
001101100
010101100
000101100
000111000

000011100
000000110
010001110
011000101
001001001
001110001
000110000
111011000
100001000

100101001
011110100
010100101
010100100
000100100
000100100
000100101
001010011
000000001

001110000
010000100
010000100
001000100
011000100
100101001
100101001
011001110

001111100
010000010
100000111
000001001
111000111
100100000
111000001
010000010
001111100

101101000
011110100
010100101
010100111
010100101
010100101
010100111
000001010
001000110

001001001
001011011
100010110
100100100
000000000
001001001
011011011
110100110
100110100

011000110
111101111
101101101
001101100
000101000
000111000
000111000
000010000
000010000

100011000
110111100
111101100
011001100
010001110
010001111
000011101
000101111
000100010

100000001
111111111
011111110
001000100
001000100
001000100
011111110
111111111
100000001

100000001
110000011
001000110
001101100
000100110
001101100
000000110
110000011
000000001

000111000
001101100
011000110
010000010
011000110
111101111
000000000
000000000
111111111

110000011
010000010
011000110
011101110
000111000
001101100
001101100
010001100
010111000

000011111
000000111
010001111
011001101
001111001
001010001
010110000
111111000
100101000

100101000
011110100
010100100
010110100
010100100
010100100
010000101
000010011
000000001

001110000
010000100
010100100
001100100
011000100
100101001
110101001
011001110

001111100
010000010
100000111
011001001
100000111
100100000
111000101
010000010
001110000

100101000
011110100
010100101
010100111
010100101
010100101
010100111
011000010
000000110